DATA_FILE, SOL_FILE, n, d, k: ../instances/data/gr666.txt ../instances/anticlust/gr666_6.txt 666 2 6
BRANCH_AND_BOUND_TOL: 0.001
BRANCH_AND_BOUND_PARALLEL: 16
BRANCH_AND_BOUND_MAX_NODES: 200
BRANCH_AND_BOUND_VISITING_STRATEGY: 0

SDP_SOLVER_SESSION_THREADS_ROOT: 16
SDP_SOLVER_SESSION_THREADS: 1
SDP_SOLVER_FOLDER: /home/aelle/mr-sos-dp/SDPNAL
SDP_SOLVER_TOL: 1e-05
SDP_SOLVER_VERBOSE: 0
SDP_SOLVER_MAX_CP_ITER_ROOT: 80
SDP_SOLVER_MAX_CP_ITER: 40
SDP_SOLVER_CP_TOL: 1e-06
SDP_SOLVER_MAX_INEQ: 100000
SDP_SOLVER_INHERIT_PERC: 1
SDP_SOLVER_EPS_INEQ: 0.0001
SDP_SOLVER_EPS_ACTIVE: 1e-06
SDP_SOLVER_MAX_PAIR_INEQ: 100000
SDP_SOLVER_PAIR_PERC: 0.05
SDP_SOLVER_MAX_TRIANGLE_INEQ: 100000
SDP_SOLVER_TRIANGLE_PERC: 0.05

optimal MSS: 382677
Heuristic MSS: 382677

Partition 1

|    N| NODE_PAR|    NODE|      LB_PAR|          LB|  FLAG|  TIME (s)| CP_ITER| CP_FLAG|   CP_INEQ|     PAIR  TRIANGLE    CLIQUE|          UB|         GUB|     I      J|     NODE_GAP|          GAP|  OPEN|
|  223|       -1|       0|        -inf|     99973.5|     0|       150|       3|       0|      8622|  727.333      5000   5.33333|     99974.8|    99974.8*|    -1     -1|  1.27469e-05|  1.27469e-05|     0|

WALL_TIME: 152 sec
N_NODES: 1
AVG_INEQ: 5732.67
AVG_CP_ITER: 3
ROOT_GAP: 1.27469e-05
GAP: 0
BEST: 99974.8

Partition 2

|    N| NODE_PAR|    NODE|      LB_PAR|          LB|  FLAG|  TIME (s)| CP_ITER| CP_FLAG|   CP_INEQ|     PAIR  TRIANGLE    CLIQUE|          UB|         GUB|     I      J|     NODE_GAP|          GAP|  OPEN|
|  220|       -1|       0|        -inf|      130247|     0|       486|       9|      -3|      8646|  291.333      4494   6.66667|      130520|     130520*|    -1     -1|   0.00209525|   0.00209525|     0|
|  219|        0|       1|      130247|      130327|     0|        36|       2|      -3|      7898|        0      1731         0|      130362|     130362*|   110    118|  0.000270128|  0.000270128|     0|
|  220|        0|       2|      130247|      130394|     0|        56|       1|       2|     10792|        0      4715         0|      130520|      130362|   110    118| -0.000248457| -0.000248457|     0|

WALL_TIME: 546 sec
N_NODES: 3
AVG_INEQ: 3746
AVG_CP_ITER: 4
ROOT_GAP: 0.00209525
GAP: 0
BEST: 130362

Partition 3

|    N| NODE_PAR|    NODE|      LB_PAR|          LB|  FLAG|  TIME (s)| CP_ITER| CP_FLAG|   CP_INEQ|     PAIR  TRIANGLE    CLIQUE|          UB|         GUB|     I      J|     NODE_GAP|          GAP|  OPEN|
