DATA_FILE, SOL_FILE, n, d, k: ../instances/data/ali535.txt ../instances/anticlust/ali535_2.txt 535 2 2
BRANCH_AND_BOUND_TOL: 0.001
BRANCH_AND_BOUND_PARALLEL: 16
BRANCH_AND_BOUND_MAX_NODES: 200
BRANCH_AND_BOUND_VISITING_STRATEGY: 0

SDP_SOLVER_SESSION_THREADS_ROOT: 16
SDP_SOLVER_SESSION_THREADS: 1
SDP_SOLVER_FOLDER: /home/aelle/mr-sos-dp/SDPNAL
SDP_SOLVER_TOL: 1e-05
SDP_SOLVER_VERBOSE: 0
SDP_SOLVER_MAX_CP_ITER_ROOT: 80
SDP_SOLVER_MAX_CP_ITER: 40
SDP_SOLVER_CP_TOL: 1e-06
SDP_SOLVER_MAX_INEQ: 100000
SDP_SOLVER_INHERIT_PERC: 1
SDP_SOLVER_EPS_INEQ: 0.0001
SDP_SOLVER_EPS_ACTIVE: 1e-06
SDP_SOLVER_MAX_PAIR_INEQ: 100000
SDP_SOLVER_PAIR_PERC: 0.05
SDP_SOLVER_MAX_TRIANGLE_INEQ: 100000
SDP_SOLVER_TRIANGLE_PERC: 0.05

optimal MSS: 990552
Heuristic MSS: 990552

Method anticlust 

Partition 1

|    N| NODE_PAR|    NODE|      LB_PAR|          LB|  FLAG|  TIME (s)| CP_ITER| CP_FLAG|   CP_INEQ|     PAIR  TRIANGLE    CLIQUE|          UB|         GUB|     I      J|     NODE_GAP|          GAP|  OPEN|
|  268|       -1|       0|        -inf|      510425|     0|       564|       4|       0|      9333|     1857      5000        14|      510426|     510426*|    -1     -1|  2.76425e-06|  2.76425e-06|     0|

WALL_TIME: 567 sec
N_NODES: 1
AVG_INEQ: 6871
AVG_CP_ITER: 4
ROOT_GAP: 2.76425e-06
GAP: 0
BEST: 510426

Partition 2

|    N| NODE_PAR|    NODE|      LB_PAR|          LB|  FLAG|  TIME (s)| CP_ITER| CP_FLAG|   CP_INEQ|     PAIR  TRIANGLE    CLIQUE|          UB|         GUB|     I      J|     NODE_GAP|          GAP|  OPEN|
|  267|       -1|       0|        -inf|      479003|    -2|     44191|       2|      -2|      9727|   2377.5      5000        26|      479683|     479683*|    -1     -1|   0.00141621|   0.00141621|     0|
|  267|        0|       1|      479003|      479389|     0|        69|       0|       2|      9727|        0         0         0|      479683|      479683|   225    253|   0.00061193|   0.00061193|     0|
|  266|        0|       2|      479003|      479565|     0|       144|       1|       2|     10798|      126      5000         0|      479875|      479683|   225    253|  0.000246258|  0.000246258|     0|

WALL_TIME: 44348 sec
N_NODES: 3
AVG_INEQ: 4176.5
AVG_CP_ITER: 1
ROOT_GAP: 0.00141621
GAP: 0
BEST: 479683

Merge LB MSS: 990109


Generating UB (added constraints 44423)

|    N| NODE_PAR|    NODE|      LB_PAR|          LB|  FLAG|  TIME (s)| CP_ITER| CP_FLAG|   CP_INEQ|     PAIR  TRIANGLE    CLIQUE|          UB|         GUB|     I      J|     NODE_GAP|          GAP|  OPEN|
|    4|       -1|       0|        -inf|      990550|     0|         0|       0|       0|         0|        0         0         0|      990552|     990552*|    -1     -1|  2.44323e-06|  2.44323e-06|     0|

WALL_TIME: 2 sec
N_NODES: 1
AVG_INEQ: 0
AVG_CP_ITER: 0
ROOT_GAP: 2.44323e-06
GAP: 0
BEST: 990552

